6.235648393630981400e-01 7.751529812812805200e-01 -1.015121936798095700e-01 3.969543218612670900e+00 7.817086577415466300e-01 -6.198837161064147900e-01 6.837957352399826000e-02 -3.210066318511962900e+00 -9.921126067638397200e-03 -1.219920590519905100e-01 -9.924814701080322300e-01 -1.445417881011962900e+00 0.000000000000000000e+00 0.000000000000000000e+00 0.000000000000000000e+00 1.000000000000000000e+00
9.588161706924438500e-01 2.783194482326507600e-01 -5.665526539087295500e-02 4.518460273742675800e+00 2.839706242084503200e-01 -9.433469772338867200e-01 1.716308146715164200e-01 -3.149953365325927700e+00 -5.677374079823494000e-03 -1.806508451700210600e-01 -9.835308790206909200e-01 -1.404134511947631800e+00 0.000000000000000000e+00 0.000000000000000000e+00 0.000000000000000000e+00 1.000000000000000000e+00
9.216417670249939000e-01 -3.793570399284362800e-01 8.163736760616302500e-02 4.709547042846679700e+00 -3.874346017837524400e-01 -8.878401517868042000e-01 2.482625842094421400e-01 -3.119692802429199200e+00 -2.169922366738319400e-02 -2.604383230209350600e-01 -9.652466177940368700e-01 -1.396375656127929700e+00 0.000000000000000000e+00 0.000000000000000000e+00 0.000000000000000000e+00 1.000000000000000000e+00
